           1  0.58796709795334789       0.23082563026596659     
           2  0.79576301556797147       0.91032632170394434     
           3  0.77876680187637248       0.90529199623673773     
           4  0.56654823227346007       0.45049592675511962     
           5  0.17732478046959821       0.54681715381192308     
           6  0.56406273312310984       0.44005310718851609     
           7  0.75212061579844613       0.66019895208464729     
           8   1.0095936231726483       0.88237271698809727     
           9  0.88792537119002646        1.4200069160965902     
          10  0.58684118749568204        1.4900639301458452     
          11  0.80353184998784233        1.6414670204915209     
          12   1.2271790886452087        1.6221147785379293     
          13  0.94506268043304520        1.2771898822050121     
          14  0.33299136946710073        1.6898088139296092     
          15  0.72050504011410144        1.6654004525893589     
          16  0.78886211669304951        1.7564448254626330     
          17   1.0449103368630390        1.6222248514495781     
          18  0.88461632726569339        1.0911272760208788     
          19  0.87164008243520574        1.6712682620891659     
          20  0.97453459116810137        2.1884611061315833     
          21  0.72835101223354315        1.9391546535749509     
          22  0.62510703044186833        1.8447924931598996     
          23  0.52662639033184055        2.1904261089245756     
          24  0.54575418562552347        1.9702330912241868     
          25   1.1418014493251811        2.4395619646126985     
          26  0.61264578560228378        1.9430226692639234     
          27   1.3653056626685893        1.7629343242774520     
          28   1.5052149359994769        2.1561604537998491     
          29   1.0330041673585599        2.4080954170129187     
          30  0.61942603102635285        1.9305823641433515     
          31  0.99891973369661247        2.7134538934757777     
          32   1.4794369851869575        2.4520242051012060     
          33  0.85718817119335067        2.4574845192437449     
          34   1.1961625657303105        2.9077061250078118     
          35  0.71630255823438427        2.5379740190175100     
          36   1.2746784842257575        2.9895092736633435     
          37   1.6940220483169501        3.0491962768975971     
          38   1.1768120061009184        2.6539856821660912     
          39   1.7463569145186630        2.6646115002297099     
          40   1.0722333688741243        3.3759550470318747     
          41   1.1437882194678028        3.0473252894119458     
          42   1.4650535511270926        3.4376396155103111     
          43   1.7188409365495914        2.7200385185252216     
          44   1.6126881026958944        3.0861835072961825     
          45   1.0596671151902999        3.1042242564938531     
          46   1.2640858816362672        3.1935254888761140     
          47   1.7537520294074316        3.1921564349253395     
          48   1.0457650543260022        3.1752442009789283     
          49   1.0381528309760353        3.3125481890210340     
          50   1.2083166105293501        3.7935789181548660     
          51   1.9949490791777573        3.9741485956128813     
          52   1.3432295921366928        3.8935009674091630     
          53   1.2626802260318617        3.2576706907297206     
          54   1.8704575371119274        3.2515097720051642     
          55   1.6236004792372187        4.0329027586140986     
          56   1.3843414782942443        3.5325788671744687     
          57   2.1282137700851078        3.9018891383773724     
          58   1.9123996068329681        3.7168250851812421     
          59   1.2517223196188143        3.5678819090002145     
          60   1.9340774945139678        4.4270057737219064     
          61   1.7043531684388828        3.9195744601956681     
          62   1.6754811155016816        4.4093842213179979     
          63   1.8227975539070744        3.9763931952121832     
          64   1.7612955566965054        4.7932077018396182     
          65   1.7110545667308790        4.4362989598645584     
          66   1.5253883450014949        4.3930300251314032     
          67   1.6270802321438766        4.9724217639218304     
          68   1.6179523234254101        4.3545805781497506     
          69   1.8153367179148931        4.7687010379300654     
          70   2.2991579438337872        4.4709032707675194     
          71   1.9222594685282486        4.3428076093728878     
          72   1.7422694245566959        5.2116793643874475     
          73   1.5702401366711416        5.0051006729428247     
          74   2.3093042738135949        5.0919468534146404     
          75   1.9441805088499255        4.6296553433976264     
          76   1.6324524744972786        4.7010812992037980     
          77   2.2509452841768960        4.9900584255035225     
          78   1.7223506145828997        4.6824231954415509     
          79   1.8722911343980491        5.6071499591668381     
          80   1.8000426729014896        4.8649289770452864     
          81   2.2268706919868526        4.9797706892798184     
          82   2.5035644955635168        4.9693040420714842     
          83   2.5606894891929954        5.2130111331080213     
          84   1.7513972271081581        5.0401983631060974     
          85   1.8782724690841475        5.1345357271857068     
          86   2.7137399053669760        5.7857154842956131     
          87   2.4929297138258049        5.3703682057949775     
          88   1.7641801105159802        5.8085924734630403     
          89   2.4293500778119186        5.8164573721339723     
          90   2.1348818431981167        6.1426156325481012     
          91   1.8583605206341089        5.7007548597632800     
          92   2.7197522733631914        6.4802523186022425     
          93   2.6167585603458829        6.1384919313142223     
          94   2.0499028230093486        6.1697359788867807     
          95   2.3038325015504335        6.3532386980664626     
          96   1.9591073464309239        6.2907553559939453     
          97   2.8687007187530993        6.7129492887349604     
          98   2.1056882471281990        6.7771855212732257     
          99   2.2069801468132653        6.9276529233799256     
         100   2.5513164223287053        6.1687904892172298     
         101   2.6061842328778826        6.4289758715826331     
         102   2.8754169014838427        6.2491769996174087     
         103   2.5600249334174205        7.0330495075990029     
         104   2.7257254219700320        6.2536001058252255     
         105   2.7001253140793566        7.2735045275449863     
         106   2.3710690266377821        6.7431962317680716     
         107   2.2459656346927757        6.6894380430590736     
         108   2.4636067403531343        6.8186897225030156     
         109   3.0900334451347509        7.0981719378781589     
         110   3.0716903379070080        6.9283683615784888     
         111   2.7843472357936410        7.2032793576286167     
         112   2.6907232710087299        7.5601652107971802     
         113   2.4069681782654242        7.5053379410700281     
         114   2.3075455329524575        7.3297779731893700     
         115   2.3743505739450166        7.2338871772556548     
         116   2.3557733044924110        7.4852506730115014     
         117   3.1997663224522883        7.4376607969983093     
         118   3.0636114240260697        7.6722680372272407     
         119   2.6825250933526852        8.0085617064059154     
         120   2.9079917852812152        7.2291107432012636     
         121   2.7909696130404424        8.0259223381626938     
         122   2.6741942783673505        7.4412846777560455     
         123   2.8332459982338323        7.3949365013838042     
         124   3.2677069180583720        8.4229750228359777     
         125   3.4281480007614764        8.4403056786402679     
         126   2.5913075948285447        8.2396510411476171     
         127   2.9167457327121706        8.0307817902905789     
         128   3.2180193304299887        7.6832442867342774     
         129   2.9311551057357033        8.4900743551118083     
         130   2.6635347333018982        8.7514196176661692     
         131   2.8094055129299176        8.1045170731112766     
         132   3.1872718006818856        8.0963156707038522     
         133   2.8483663121585980        8.4964780479523228     
         134   3.6449287361440894        8.2324655345928335     
         135   3.1436837520994780        9.0821546109740030     
         136   2.7867397577594910        8.2087649600320169     
         137   2.7595938960422197        8.9313898424169551     
         138   2.9968291066423167        8.4794674010224220     
         139   3.5181788940272725        9.1985899172245169     
         140   3.0581758298663386        9.3802529384711324     
         141   3.0552269868881097        8.8222159491939500     
         142   3.5821529610964138        8.6719490709466402     
         143   3.2565304737606988        9.4639704878122437     
         144   2.9049719509088874        9.0346502482230058     
         145   3.6353410941672122        8.8325204549808181     
         146   3.5035133957410860        8.9197619097260219     
         147   3.8371501163108377        8.9248794980573578     
         148   3.7757499643606600        8.9377359813158321     
         149   3.1718248612361259        8.9731136150318331     
         150   3.6348856311591038        9.0735771607494389     
         151   3.3144011463552268        9.0946026508768298     
         152   3.6139863100881486        9.6521425225675017     
         153   3.5471954770072838        9.7203876540874585     
         154   3.0813341712305631        10.065690005285086     
         155   3.1213318767683447        10.143453525876588     
         156   4.0093329252997334        10.202326288042492     
         157   3.5001480853470150        9.6135628710905880     
         158   3.6613207635840812        9.9661015077826818     
         159   3.8180493939261830        10.420208891919449     
         160   3.6136282269233124        9.9517743507991732     
         161   3.9599656174489901        9.7102202675667648     
         162   3.6003316378514532        9.8029392146366661     
         163   3.6157175506070747        10.256319365330906     
         164   3.4360041934732610        9.8905226979890912     
         165   3.4647330918041721        10.612189698112759     
         166   3.8031993736371250        10.461729225160886     
         167   3.3575312667028174        10.978129877138237     
         168   3.6012726670978354        10.878999289384570     
         169   3.4223873894869912        10.252922283132280     
         170   4.2254589855467142        10.358754805169180     
         171   3.9050770781998545        10.764519941092018     
         172   3.7261964249025246        11.182952088466358     
         173   4.3546055264555257        11.069813005087056     
         174   3.5349695315408680        11.148787085632572     
         175   3.9443212423257297        10.695007982362020     
         176   4.0559251836857015        10.635850381550201     
         177   4.0123994424222271        11.600203274314671     
         178   4.1543820487523488        11.609373502589806     
         179   3.7970855398451344        11.546459813291191     
         180   4.4657339058351599        11.379028848417329     
         181   4.0053903234122874        10.928070481120022     
         182   4.0319749966140135        11.366868161030684     
         183   3.7062369064659224        11.075614272113221     
         184   4.3085529527511808        11.445103906706265     
         185   4.2648347715523016        12.047761603068698     
         186   4.1723368024797738        11.703298950615601     
         187   3.8076774601809107        11.961731004650931     
         188   4.4966818443811967        11.524066858271373     
         189   3.8459331204241556        12.174645526288272     
         190   4.7583552345857818        11.786627980469346     
         191   4.4753893011836663        12.125013005980877     
         192   4.6710540752082936        12.174619993197512     
         193   4.3180003041620241        12.528620838193763     
         194   4.2282017425951626        12.585037508241836     
         195   4.5650842030777739        11.932361963650855     
         196   4.2043641182410623        12.323208763544470     
         197   4.1461990935649471        12.523927621538547     
         198   4.8562234508936353        12.230837884476680     
         199   4.4347246868857590        12.466178674122350     
         200   4.9287619535576530        12.018514941234306     
         201   4.3829337764145242        12.374415646492157     
         202   4.2497046819806705        12.567327481457651     
         203   4.3659001704256646        12.845949193744456     
         204   4.1510215497622340        13.204228691271556     
         205   4.2338554445744290        12.328924566734452     
         206   4.9131042453995812        12.756040180608311     
         207   4.6330674583825830        12.768160426615694     
         208   4.6713584243891093        12.860962408549703     
         209   4.4945720792051258        12.613520819846599     
         210   4.3060355083000905        12.929267993858296     
         211   4.4671608501679483        13.284976683278609     
         212   4.8154949071097191        13.390462977558707     
         213   5.2427987921586539        13.404537992461828     
         214   4.4229731346721373        13.664762344502796     
         215   4.3639723826954828        13.050732194735126     
         216   4.8151395016236140        13.715082931194086     
         217   4.6973780074636347        13.950057222810983     
         218   5.3062968147484391        13.300897041176972     
         219   4.4681176064909103        13.995776322411436     
         220   5.1391739518945263        13.425519489506497     
         221   4.4707463535305836        13.767516125929944     
         222   5.1216937398800360        13.711448001135137     
         223   5.4079974483890352        13.511549746123316     
         224   5.1004284250389800        13.947527304961627     
         225   5.0858972976751762        14.388967004893539     
         226   5.1819164124571895        14.264115961984009     
         227   4.9778696775727136        13.899819782129047     
         228   5.0935145471969037        14.344432992773957     
         229   5.5525975309319380        14.568687893702659     
         230   5.0079896474392349        13.855317720607280     
         231   5.0039673509744018        14.331680281918134     
         232   5.2537455110693498        14.871005348088946     
         233   5.2070365219681882        14.927713704765356     
         234   5.1225636023322689        15.012148436373799     
         235   5.1358154202059518        14.990691069412703     
         236   5.2133243764341710        15.130411794370756     
         237   5.3848411487607999        15.180207773267993     
         238   5.2515350395968081        15.043337831615062     
         239   5.3869945815855562        14.376822190671261     
         240   5.6200580178514778        15.380984786909504     
         241   5.2151265557753295        15.436246905032807     
         242   5.2757581978278294        14.572830193457929     
         243   5.4316207591528922        14.685675846939080     
         244   5.2347313874389005        15.129755863748104     
         245   5.6522374622373324        15.589087826758057     
         246   5.4644021389901392        14.965311826637496     
         247   5.1199135436073062        14.944036321577233     
         248   5.5585262724999165        15.735586642951938     
         249   5.9236488052822711        15.780003808973241     
         250   5.8421387690790025        15.997855910533481     
         251   5.7832115407911902        15.432899548760664     
         252   5.8202350123161422        15.457960556212839     
         253   5.3635558427218424        15.642602307080832     
         254   5.6782601159096773        15.340599045119045     
         255   5.7679627402712965        15.524759941422683     
         256   5.9857185300270688        16.011011544305148     
         257   5.2956831728825033        15.923857440624072     
         258   5.9049716015211127        15.958787678245308     
         259   5.5551382709086594        16.101855765970505     
         260   5.7435534868930436        15.602560936391612     
         261   5.3026644371072145        16.657245633459706     
         262   5.5950261092893641        15.934595051522606     
         263   5.9954818347005094        16.573948673957993     
         264   6.0705126979471773        16.687732436765614     
         265   5.9584474017186757        16.892147205221068     
         266   5.7076059189022148        16.431486309418641     
         267   5.6180227598884498        16.945888827620120     
         268   5.8590262774640616        16.191090038675476     
         269   5.5802773899180504        17.009482814931900     
         270   5.4096499526845934        17.134692144371009     
         271   5.5295426095486491        16.290459182051855     
         272   5.8206202258496562        16.716292451575331     
         273   5.6497345479198264        17.174105671863643     
         274   5.8325907706180420        16.835298371955755     
         275   6.3080839917451179        16.995375994617604     
         276   5.7252717346325230        16.576236174961558     
         277   5.7761284750537092        16.704883511806777     
         278   6.2433876461061271        17.347484460065271     
         279   5.7044075128237175        17.663787132175809     
         280   6.5559574821177131        17.039513575209341     
         281   6.5913774934634919        17.853110876672233     
         282   6.5552032981963562        17.266103670318653     
         283   5.9468622697680482        17.544901297341422     
         284   6.2829141727166666        17.931432842210416     
         285   6.6284927860778513        17.582918208372515     
         286   6.4503649010245612        17.279605988034611     
         287   6.5878664233194595        17.746570396204891     
         288   5.9936146416553262        18.136352131725332     
         289   6.0638990019968109        17.946014364901622     
         290   5.8058039693867292        17.406867625578016     
         291   6.4251539304197820        18.328295886964970     
         292   6.8294031802249311        18.320090439417555     
         293   6.6623006494165207        17.947034420371288     
         294   6.8731486589477147        18.210252897229612     
         295   6.7743140838089051        18.365463483948378     
         296   6.2847834464667738        18.651313973916615     
         297   6.2781689566303642        18.544974990684089     
         298   6.5380010187335573        18.611308019909909     
         299   6.6432462016181333        18.756028797534047     
         300   6.5065682203005029        18.244773667749183     
         301   6.8435406753471506        18.930234568350762     
         302   6.5449508131888781        18.868054211874895     
         303   6.4480995194074993        18.827833452209440     
         304   6.4016852059387928        19.191220400473661     
         305   6.7120708572649423        18.325085966391406     
         306   6.8506593031349370        19.292092968086862     
         307   6.1973175367534976        19.209114177673285     
         308   6.5878985095774709        18.546544519519163     
         309   6.2806961887196016        19.229049216074124     
         310   6.6261984456637260        19.367165499879540     
         311   6.6717680307968559        19.549398677216672     
         312   6.6243120836908949        19.161395434385671     
         313   6.4231617469423483        19.423751888149337     
         314   7.0240279814619271        19.010429865134828     
         315   6.8871862251546885        19.041174238496044     
         316   6.8534285071805616        19.486571002093104     
         317   6.6076207012655548        19.244953388503223     
         318   7.0796575398267549        19.458675427657962     
         319   6.4690347147208680        19.865412824676163     
         320   7.3913703094391527        20.075623465497060     
         321   6.6543687528442055        19.506526292118913     
         322   6.6703678923799474        19.767284356873944     
         323   6.6875397152463387        19.427449852226193     
         324   6.9667119117822525        19.843024576694958     
         325   6.9498868526703914        20.257573327993427     
         326   6.5257998675190318        19.939148951161730     
         327   7.2612142521602063        19.976635786467526     
         328   6.6168526765535312        19.767220075243991     
         329   7.5137248088126558        19.770021933172902     
         330   6.8724780886672789        20.772337694726318     
         331   6.9613163826115718        20.762883847430547     
         332   7.4514911876199781        20.623723130528393     
         333   7.5164110054615962        20.750105361938850     
         334   7.0802229071642619        20.901264161903246     
         335   6.9097832762997768        20.866892504979432     
         336   7.6815399208277473        20.338746986037101     
         337   7.7015969996579141        20.494734478687633     
         338   7.3656816684868289        20.567249841571698     
         339   7.4462066263552114        20.456393053696601     
         340   7.3896352496943916        20.440225596276317     
         341   6.9469937011885099        21.273073080338328     
         342   7.6967610005863420        20.780144645415589     
         343   7.3046559568206906        21.511866412401581     
         344   7.2207476966341924        20.749222944100044     
         345   7.2973492419922694        21.445074614518742     
         346   7.0206534764389437        21.681389068797799     
         347   7.4045291323163021        21.308964348654531     
         348   7.7397878665275348        21.438292206377103     
         349   7.2482179190537623        21.250967261150933     
         350   7.7429344228018913        21.537297569645684     
         351   7.2223720356328736        21.826313281443621     
         352   7.3079132103483211        21.685032645760394     
         353   7.6952080102850067        22.112654365793897     
         354   7.3704871116466197        21.780279208947750     
         355   7.7878071585965305        22.030171287341552     
         356   7.3051075388506526        21.539544441380446     
         357   7.9461451650675050        22.111404080639769     
         358   8.0162919406241233        21.743286198353832     
         359   7.5388939551036849        22.469556113116067     
         360   7.7358436039416603        21.992638076794400     
         361   7.2477523599405451        21.807036804845012     
         362   7.9045347818158858        22.206802257214864     
         363   7.7998986367501750        22.252783273877707     
         364   7.8202209441081356        21.892643053716025     
         365   7.5998101367701842        22.483969286179047     
         366   8.1023164838262520        22.801578613883038     
         367   7.7698705947960258        22.415321180991437     
         368   7.5895773416515215        22.264724222303215     
         369   8.3727198803375558        23.119959494636330     
         370   8.1959358037846020        22.372680763834740     
         371   7.7681266112904179        23.126669657574954     
         372   7.6038205838623325        22.478964439553131     
         373   7.8988428543072375        23.272666344360275     
         374   7.5671433165131345        23.056034932205907     
         375   7.8384011726153364        23.010365786374063     
         376   8.0140916794208525        23.312530724643089     
         377   7.5461388729695322        23.506137560262808     
         378   7.9399221265999369        23.258295120697785     
         379   8.1447922833743540        22.997751235898928     
         380   7.7211505133078573        23.083144288712869     
         381   8.2708238254847917        23.616328268021018     
         382   7.9594083092527299        23.032719824766435     
         383   8.3246530354453085        23.467405704497114     
         384   7.8071785340215776        23.504857471703446     
         385   8.1455964418718629        23.323966921111776     
         386   7.8597010837602594        23.428234883416124     
         387   8.0499041139089815        23.590744962624331     
         388   8.2634979492927769        23.963816852795947     
         389   8.0749750321668827        24.226333641918504     
         390   8.1828374599546834        23.878490355815615     
         391   8.3567804915214374        24.199306271342760     
         392   7.9072378810683759        24.273097986782474     
         393   7.8969924492120205        24.512217442231737     
         394   8.4297353629878771        24.182865312597755     
         395   8.8397913327015587        24.590667476461128     
         396   8.2443417280094557        24.195757475993641     
         397   8.4624958584813488        24.033886572084594     
         398   8.5463027250294772        24.525395856798081     
         399   8.4932579190557931        24.059440815628449     
         400   8.6201283953008030        24.183949130180533     
         401   8.7494484193395383        24.449160581851167     
         402   8.3735565456201169        24.218519982646516     
         403   8.7315898302279340        24.515156824879710     
         404   8.4579895008989716        24.566036104660945     
         405   8.7374665136728975        25.216537471474414     
         406   8.3180958011760104        25.240414814314104     
         407   8.7360006926739455        24.894364752762435     
         408   8.3038867962611054        24.802067289727027     
         409   8.5900591825108368        24.793962479652453     
         410   8.4332067268304431        24.698997624022713     
         411   8.4852708989239432        25.053648347240621     
         412   8.6805069245713913        25.606226546803182     
         413   8.8985723187458330        25.543779248849614     
         414   9.0700037344136692        25.771602679238811     
         415   8.7496913890589596        25.343726826657864     
         416   8.3449193444694334        25.223446118060853     
         417   8.5737929500092029        25.430330137567577     
         418   8.8958885655550102        25.624940170583884     
         419   8.9922207926857247        25.728279304771387     
         420   9.1038029144336399        25.658980117781752     
         421   9.0091426451005887        25.422496337820807     
         422   9.1129315785715796        26.017500871388275     
         423   9.4435724723492473        25.485376095600142     
         424   8.8671411092026702        25.725072425594735     
         425   8.9780582565147391        25.979918071238636     
         426   8.7900730499861961        26.096692620785305     
         427   9.1424077604928531        25.869964325560328     
         428   8.7439975968415542        26.501677256066330     
         429   9.3097692036783517        26.033802353192634     
         430   8.7840710381113336        26.404105047033365     
         431   9.5180161349359516        26.640972665290487     
         432   9.2210308656778768        26.509329764802022     
         433   9.2811951360434293        26.595359790205844     
         434   8.9048824277483689        26.313048880860467     
         435   8.8797697901986616        26.381698053429318     
         436   9.3084367300441002        26.360300087441306     
         437   8.8268363843770921        26.391599001748798     
         438   9.1395636615815867        26.707169628088742     
         439   9.6210001576249127        27.221313673492286     
         440   9.0621991143719374        26.770820850797726     
         441   9.0269861370022948        27.052360134064848     
         442   8.9461122775438131        26.555046943145559     
         443   9.4539642219766957        27.134640573581255     
         444   9.2481973564937725        26.958424235456846     
         445   9.1098501225510606        27.347837783445623     
         446   9.8166371206358320        27.609137831646507     
         447   9.4618212848484529        27.645008986808683     
         448   9.2390302069403649        26.918158940810521     
         449   9.4120262677785451        27.086231873161967     
         450   9.3827274933026636        27.984660040643536     
         451   9.5046662793766128        27.534197880270465     
         452   9.5200752777548985        27.745593032202994     
         453   9.6945618356371082        28.093836325078456     
         454   9.4230328563453458        27.525466682130027     
         455   10.071087826157536        27.639378462738058     
         456   9.3203564442285032        27.695956424387134     
         457   10.005154286798213        27.822766329858144     
         458   9.9936284402087701        28.047751618098271     
         459   9.2747496077508735        27.921905705129753     
         460   9.3950020427491410        27.660057496626532     
         461   10.146803185956170        28.568943549979895     
         462   9.4929129756777613        28.546156221329625     
         463   9.9767279880743676        27.844899447977877     
         464   10.018239097969404        28.539309288377282     
         465   9.3923967589027217        28.331182621396191     
         466   9.4120148115128579        28.203046211426770     
         467   9.8685980780243803        28.387812136844769     
         468   9.3704351000190478        29.043117857793902     
         469   10.212931625167506        28.974662904303937     
         470   10.264878082921117        28.839053040056911     
         471   10.104344819113686        28.751488767958843     
         472   10.030707354145916        29.122297368204300     
         473   10.309037813036928        29.175614880246179     
         474   9.9563374455415090        29.118029458846408     
         475   9.6205408862012085        28.527324182121788     
         476   10.452743772991623        28.766594480772333     
         477   9.9798656649584334        28.699374122855975     
         478   9.8496028945796557        29.235901665801894     
         479   10.542654645776580        29.081707885775749     
         480   10.311595671091762        28.976485051261097     
         481   10.532517077392724        29.043683539355648     
         482   10.225200639585289        29.037698583650926     
         483   9.6702648731267633        29.594380756718596     
         484   10.479892629447217        29.432059695984886     
         485   10.620200718044829        29.895113907387611     
         486   10.711791955228684        29.269290461936876     
         487   10.262815911114165        29.315585609207307     
         488   10.659058487800454        29.571749438827954     
         489   10.343362614231323        29.530864678982049     
         490   9.9431246737274925        29.603791820240151     
         491   10.144243131464583        29.689519090732947     
         492   10.821417010266245        30.306202961861636     
         493   10.636049055315617        29.998297779490240     
         494   10.571995873105831        30.459379505594669     
         495   10.166693169489983        30.523553543264832     
         496   10.353682621624158        29.766819564536469     
         497   10.682641720345107        30.313071044450229     
         498   10.326086109629561        30.417141853754984     
         499   10.095822229692159        30.150932346205629     
         500   10.141404719330934        30.143296788021360     
         501   10.465163138999285        30.299000267682899     
         502   10.390335872629338        30.622772798244512     
         503   10.257966293338152        30.832269217106695     
         504   10.558871002733920        30.551636636107894     
         505   10.588696574534598        30.544776980585667     
         506   10.426375287562838        30.488682811409170     
         507   10.901680749114346        31.345535536226716     
         508   10.846036678778477        30.824138539387739     
         509   10.569865930096638        31.517193527479652     
         510   10.802735317162410        30.936171763935977     
         511   10.466724262227432        31.515737416376385     
         512   10.824759789268198        31.144878908336278     
         513   10.484899917297501        30.944990919671053     
         514   10.914101966110549        31.822184080920913     
         515   10.908354909533667        31.648106374905439     
         516   10.824853140068782        31.725014131992324     
         517   10.532847550530418        31.208336054321212     
         518   10.537379100317867        31.486445626924969     
         519   10.846082603542328        32.013782801644354     
         520   10.686358028814094        31.229491496461080     
         521   10.721149662036453        31.901162955943995     
         522   11.009688234213648        31.389569570608472     
         523   11.029605210806992        31.924798439840909     
         524   11.263228607602244        32.152810737781891     
         525   11.201140825584707        32.381256479983556     
         526   10.708349026383573        32.275620925187944     
         527   11.409141956842204        32.427540117669544     
         528   10.610463392085487        31.843515494971157     
         529   10.936085399798413        31.890719797336558     
         530   10.787901908928086        32.124876585189924     
         531   11.323923632589260        32.798491541969327     
         532   11.563579745424544        32.349263295527741     
         533   11.656551447600069        32.375131623077301     
         534   11.566286977805873        32.861161342729751     
         535   10.900371928333179        32.418239441514167     
         536   10.722722893574502        32.755842206564004     
         537   11.595865490188565        32.774285926859143     
         538   11.533089375004714        32.997221321440129     
         539   11.622690096779397        32.581416208331618     
         540   10.990272158379360        32.784030904542441     
         541   11.481445146301020        33.376835258588180     
         542   11.268703272096362        33.175619048274562     
         543   11.833991670708469        33.311954667548342     
         544   11.053459358997882        33.618559220732152     
         545   11.347124355793234        33.366106612111807     
         546   11.339012301458883        33.462254803020365     
         547   11.836072891958944        33.584075322472977     
         548   11.717544844637553        33.819097708882396     
         549   11.388501489442151        33.860378988998171     
         550   11.125297796930884        33.947064496700420     
         551   11.212354799724237        33.208677519766390     
         552   11.199110207555893        33.941750197785758     
         553   11.348013973760725        33.243328382811384     
         554   11.706781875886287        33.954810494773774     
         555   11.943677545201897        33.783766030298473     
         556   12.012627020320672        34.323056662057738     
         557   11.192499853189338        33.940682691871004     
         558   11.265094230264609        33.821538112035576     
         559   11.614190843813288        33.658583885222626     
         560   11.238855773875237        34.480758627291031     
         561   11.244660512593413        34.002199961950922     
         562   11.837568190063839        34.552436212978023     
         563   11.314223474834773        34.107170394705115     
         564   11.525512211358768        34.687653100715380     
         565   12.089935803511816        34.247713881639356     
         566   11.584592067567815        34.144742826944203     
         567   12.291086553007897        34.151987363050111     
         568   11.733006644520797        34.460313072531903     
         569   11.882508124817742        35.068399266078977     
         570   11.654630147246010        34.270835613498591     
         571   12.219827350805382        34.426577030850815     
         572   12.225595370804943        34.994741445187209     
         573   12.091303966668104        35.052580275276704     
         574   12.272896078381681        34.599804575979185     
         575   11.824669062653001        34.668239180200239     
         576   12.345451086446351        34.971252946662219     
         577   12.266113828026825        34.852361787884107     
         578   12.084916045593788        35.461587637995926     
         579   11.727590224817140        35.485989502934245     
         580   12.016567666173168        35.082772600229958     
         581   12.077621518597553        34.866182387647100     
         582   11.810049973556811        35.747133209575040     
         583   11.893956949492079        35.358813501028678     
         584   12.190676276852695        35.808162137302176     
         585   12.622620737995224        35.325349599183241     
         586   12.682584228470777        35.402725942153459     
         587   11.775658219649202        35.942353731816745     
         588   12.181124107281342        35.473852860441411     
         589   11.791940986009061        36.026324241026103     
         590   12.018420422723972        35.893305594537857     
         591   12.792124189973586        36.146261208988719     
         592   12.821602869125671        35.858482099587789     
         593   12.537907963583176        35.975002574562168     
         594   12.679970375569619        35.785417455022149     
         595   12.588886621272387        36.061231277589691     
         596   12.345028829004278        36.337556607808239     
         597   12.258060706480231        35.836376081508959     
         598   12.956419923897421        36.341688004089939     
         599   12.778117319050821        36.248422054674727     
         600   12.150058607015698        36.637143066937348     
         601   12.765081541167708        36.245282749634370     
         602   12.686531528225823        36.693624381573102     
         603   12.953357182512601        36.561616675424979     
         604   12.490852174990223        37.089040770777878     
         605   12.176862706495601        36.939122407787004     
         606   13.006889021627488        37.275518907274524     
         607   13.030673760734629        36.789306546577237     
         608   12.728820471006115        36.983632263780123     
         609   13.071525252331636        37.237083694743966     
         610   12.620298920910667        36.622404842420622     
         611   13.000405563575764        36.844994445343850     
         612   12.406335628106328        36.739681054618423     
         613   13.053115005815549        37.454195985041032     
         614   12.552896951269602        37.720012358595532     
         615   13.278619443828678        37.133012973128160     
         616   12.389470597594823        37.504925578780863     
         617   12.413378085674671        37.650822998991877     
         618   13.301260105044632        38.043489727346774     
         619   13.339477495631533        37.473022797095183     
         620   13.251869322045726        37.279716151728572     
         621   12.971614954670590        37.920597058825116     
         622   13.416490570684903        38.211151689632914     
         623   12.788311955588220        38.293929461301232     
         624   13.134718073153483        37.903333842067028     
         625   12.752189032033460        37.885554209171339     
         626   13.234716020152110        38.173403867373381     
         627   12.726795592375304        38.340585783051360     
         628   13.111652711992884        38.006057706863849     
         629   13.150750423613173        37.774598457252011     
         630   13.358992598690064        38.386108171130104     
         631   12.638086225951925        38.694600682836871     
         632   13.340728165581945        38.383662259126773     
         633   12.803246946756992        38.825223638652631     
         634   12.700986919486478        38.059225510446723     
         635   12.911972179720912        38.466864894009014     
         636   12.790473842605033        38.605962738789017     
         637   12.847888131404588        38.728131882389206     
         638   12.829871471935476        38.627558945634121     
         639   13.606381946407698        38.602823985986525     
         640   13.742577157332260        39.370533041812763     
         641   13.705746812192224        38.604047078819406     
         642   13.270385649620291        39.459937698469730     
         643   13.407876376767362        39.149506257008809     
         644   13.481289003726266        39.119063422782389     
         645   13.349397336271663        38.772504239453298     
         646   13.513060839897664        39.315142721535580     
         647   13.512089222381652        39.699054853181487     
         648   13.836935697534765        39.861124984463189     
         649   13.413189448897821        39.872778999812304     
         650   13.023269853398485        39.382123086168733     
         651   13.146670116214729        39.180603145803346     
         652   13.537591761575056        39.141310822794004     
         653   14.003538677510972        39.763980538560126     
         654   13.129996977367616        39.562442721542354     
         655   13.462829980138572        39.916159599335153     
         656   13.336016625309092        39.656580093488657     
         657   13.387844889901519        39.684336036781353     
         658   13.998178871758759        39.535754436136479     
         659   14.092003493830102        39.653200031189805     
         660   13.957398004107855        40.263160285212301     
         661   13.548009415562198        40.364892442216217     
         662   13.760135793820325        40.260448796871046     
         663   14.073411655953368        40.524284127259115     
         664   13.801740131287250        39.917665769026101     
         665   13.789920258969737        40.805130972493806     
         666   13.445988482818336        40.078425185766577     
         667   13.434037258730299        40.572238751526029     
         668   13.686412125310476        40.638090599769178     
         669   13.410474021758215        40.628158545729953     
         670   14.073881531269791        41.136574959009053     
         671   14.174854992091785        40.722052123526112     
         672   14.017591798958534        40.504279947458571     
         673   14.088931448910774        40.786079265325462     
         674   13.725827116577012        40.779911157792974     
         675   14.435796875585780        41.082202319619228     
         676   14.511339103791309        41.557502253956578     
         677   13.763955838738404        41.296376167897748     
         678   14.142486641971100        40.700376827763499     
         679   13.963411258756874        41.375227559784577     
         680   13.867977356466668        41.505807850266862     
         681   13.895413267770142        41.505828865540913     
         682   13.692591085740256        41.485598307162270     
         683   14.653118121925845        41.282124200659830     
         684   13.715725328251331        41.644128230283592     
         685   14.143366771235234        41.962211985690438     
         686   14.146562352176069        41.697643667790530     
         687   14.178598766270611        41.462858465204256     
         688   13.979145929622138        41.845789455767466     
         689   14.035514922993526        41.812523434305326     
         690   14.452909539995828        42.200664873306444     
         691   14.729411657253232        42.379081975802919     
         692   14.376803739871002        42.223406819181264     
         693   14.775936317176184        42.511006125851523     
         694   14.216042842042741        41.871591295606265     
         695   13.900792382990099        41.952023889550574     
         696   14.705882785229443        42.516622075906284     
         697   14.481069690913433        42.598006123698369     
         698   14.390243689068845        42.858329223128415     
         699   14.429964904766850        42.800466136940344     
         700   14.375357156624977        42.243746789238891     
         701   14.298032224736358        43.012128413553548     
         702   14.403107938112894        42.394488737647805     
         703   14.600023851020604        42.263898388209846     
         704   14.703159784556567        42.689849259591625     
         705   15.085924975992040        42.882135176250138     
         706   14.690371792912034        42.916117451209715     
         707   14.361401919946319        43.196125063128449     
         708   15.020931472585865        42.752029312021058     
         709   14.273147817318151        42.658509169881171     
         710   14.813479538736441        43.547310799950871     
         711   14.381055116010543        43.218016340827369     
         712   14.646192673150740        42.814574174233634     
         713   14.758332122107003        43.584763397690736     
         714   14.576374357430018        43.109277115461907     
         715   15.011685947668273        43.339009633425761     
         716   14.632907466312334        43.536826294106739     
         717   14.466906615459804        43.093453258904312     
         718   14.591402187398227        43.188643887242335     
         719   14.938476783664369        43.197021599499436     
         720   15.004176704127559        43.624335684043267     
         721   15.116525689446291        44.117302147841272     
         722   14.454550223717064        43.594309297036133     
         723   14.938332007929034        44.050461031945794     
         724   14.684731364467734        43.665213935729788     
         725   15.026736542403180        43.999992510772095     
         726   14.577191010633236        44.522739852933618     
         727   15.011938976699964        44.153308685736903     
         728   15.040168183357508        44.532771923825919     
         729   14.787817528984654        44.519425892744373     
         730   14.758008251516245        44.009140240728037     
         731   15.260821387948390        44.761154080813654     
         732   14.713370115782302        44.895241323158359     
         733   15.506596920396129        44.971825429581891     
         734   15.058289305204605        44.951865616996891     
         735   15.007155749209621        44.835893702057696     
         736   15.517263384894447        44.708323418302442     
         737   15.177814029874781        44.841088741671804     
         738   15.547247983430285        44.496661533987449     
         739   15.361986956831315        45.205784950445079     
         740   15.410952524443021        45.012198517827017     
         741   15.784389989479967        44.480532557329056     
         742   14.970126270555195        44.673216085703025     
         743   14.978898981987602        45.062137491900806     
         744   15.054797755233466        45.041918782237325     
         745   15.120919454197040        45.343127554959686     
         746   15.141839650813932        45.209055475529475     
         747   15.866460408070305        45.205701221177208     
         748   15.012928996394145        45.258109420918053     
         749   15.664792590945066        45.151066310504447     
         750   15.933880031220642        45.121742574308193     
         751   15.331467066347081        45.581519594302620     
         752   15.778052062572570        45.757392685595541     
         753   15.942964913063062        45.474627046429148     
         754   15.634619106649929        45.927448413272010     
         755   15.638965727176071        45.908661516560223     
         756   15.514408624722309        46.128759499978266     
         757   15.352666966173166        46.056848940844681     
         758   15.534096465534400        45.944201963637092     
         759   15.821689911035994        46.143607264853415     
         760   15.596856958905903        46.070538847406418     
         761   15.638027981271751        46.049170495026083     
         762   16.032687916951616        46.531818768673986     
         763   15.717093748845731        46.064437515510214     
         764   15.830116647523134        46.832381510309759     
         765   16.296006916444419        46.541716917254568     
         766   15.571982875342117        46.260046845207007     
         767   16.242860229953958        46.880330214261129     
         768   15.367446848596684        46.446405238574997     
         769   15.612843045271358        46.403995761342429     
         770   15.452055851017214        47.114189095863587     
         771   15.648282687233211        46.556846517333668     
         772   15.650979514949986        46.812551361554910     
         773   15.537497027039864        47.250360274883676     
         774   15.816585986951546        46.918525940453712     
         775   15.761669130328716        47.105097831920780     
         776   16.447591840506682        47.155691757710329     
         777   15.546043375372433        47.309888812406456     
         778   16.480018102408945        46.837490856318638     
         779   16.263005315315599        47.359942083900684     
         780   16.338511788134781        47.598670699443097     
         781   16.037861904595623        47.576844113385583     
         782   16.352856767746601        47.483487622328617     
         783   15.913241806209628        47.899246127688755     
         784   15.819715303174254        47.858999515292780     
         785   15.745720195721876        47.677339464499951     
         786   16.518199530973749        47.664172239618900     
         787   16.308080609780099        47.271619934399872     
         788   16.444209103938867        48.241249967437014     
         789   15.797674960554113        47.863595259298407     
         790   16.745524034002457        47.560510984984774     
         791   16.286960946207714        48.109496453016220     
         792   16.070990427104622        47.818914172233569     
         793   16.045896184694271        48.209457617595724     
         794   16.143740474924638        48.077438727244505     
         795   16.655936455967364        48.111191498828710     
         796   16.590461483123942        48.376026966329853     
         797   16.916756207066449        47.846038886783354     
         798   16.433005647608638        48.083407763378744     
         799   16.426373015570295        48.530344778509544     
         800   16.292706324722761        48.606685428805314     
         801   16.471842412902891        48.505375095438858     
         802   16.698514753836282        48.678912079146862     
         803   16.893719941223868        48.882728545774825     
         804   16.541423027697387        49.199396523226788     
         805   16.227951754470787        48.647858170993636     
         806   16.809268646918191        48.786000517909130     
         807   17.034691904332792        48.785021722967087     
         808   17.118032871979224        48.517620616030804     
         809   16.830687598707225        48.988448781915871     
         810   16.564405941217036        49.369518497769143     
         811   17.079425604732329        48.805705601760955     
         812   16.470912965031395        48.776684431291436     
         813   16.751934856988541        49.028482351599067     
         814   16.311753646032795        49.452041846796376     
         815   17.116932636757472        48.988765354762187     
         816   16.671915007458221        49.880372128332176     
         817   16.645946913634756        49.052323879233441     
         818   16.370678738709991        49.828899131096001     
         819   16.880533119141933        49.754259431043494     
         820   17.202535538939230        49.329692875201658     
         821   16.568165146035739        49.504853144584111     
         822   16.492188531139547        50.196053006973372     
         823   16.869419356373189        50.314476584648432     
         824   17.272688789588923        49.655120082897305     
         825   16.800771018361676        50.151348972873379     
         826   17.048535315432947        49.635784513066284     
         827   16.839237628887616        49.837818586522481     
         828   17.154286757158754        50.399819453982609     
         829   16.732351570849627        50.433880803540426     
         830   17.558665333245457        50.563409236279753     
         831   17.192533720127233        50.453521958846210     
         832   16.877806832677550        50.571512623023374     
         833   17.567323035787886        50.375192773567591     
         834   16.808455027620088        50.895150115812740     
         835   16.705515899833649        50.319816186243877     
         836   16.795887150678801        50.352839141737540     
         837   17.279888265880217        50.980756469023873     
         838   17.145252193691228        51.100319324931050     
         839   16.967122413850962        50.628618611423754     
         840   17.538595978877826        50.598326273101712     
         841   17.491965849645023        51.083073772296430     
         842   17.164835646758007        51.031822618839207     
         843   17.585336475985876        50.881920876177510     
         844   17.310826227096204        50.942489061034209     
         845   17.037547476000789        51.056287223563977     
         846   17.512097398047242        51.744253564011608     
         847   17.755061476568450        51.265580039532736     
         848   17.135861976119205        51.687581398823404     
         849   16.998376078138904        51.829710098061064     
         850   17.921167038310941        51.727490404904913     
         851   17.893353933685912        51.611716327709480     
         852   17.387387222422337        52.060056820771848     
         853   17.931121337919105        51.601683455371365     
         854   17.844949103896948        51.442106433577059     
         855   17.437074221951260        51.779044383052110     
         856   17.573978961346459        51.639640151642006     
         857   18.102773567476259        51.471992449157007     
         858   17.603088996661075        52.011353639224644     
         859   17.196114738607754        52.438921787322990     
         860   17.340426547037996        52.406828799847474     
         861   17.378083778593844        51.732174427927028     
         862   17.528435363165247        52.262580689679602     
         863   17.904619842722166        51.932484704335344     
         864   17.288897645856263        52.808280871330034     
         865   17.337455423930706        52.432997337162881     
         866   17.845856699655872        52.378112020460570     
         867   17.554439884930556        52.779580850500103     
         868   18.241428852144427        52.099885435413405     
         869   17.878743589453730        52.353942118780196     
         870   17.940211888397354        52.800211047872935     
         871   18.165752565603864        53.190813742451432     
         872   17.696382334774015        52.999719312692228     
         873   17.963537074770333        52.706968316924552     
         874   18.269853604789610        53.261527447583298     
         875   17.746917853211201        53.215873488475729     
         876   18.042224111121200        53.321068441254148     
         877   17.610302936789981        53.261852462326758     
         878   18.141442277903259        53.457481925668610     
         879   18.269677786601537        53.342074343976194     
         880   18.408024192054906        53.517123687706736     
         881   17.675760756529741        53.590313133572408     
         882   18.292321956540512        53.494345988373702     
         883   18.325171913660451        53.660672706791168     
         884   18.005528972815334        53.089916726191703     
         885   18.590682916510314        53.414198188840558     
         886   18.360144535401659        53.926343405947073     
         887   18.062230142821448        54.206841998299687     
         888   18.689001755257344        53.768480833001234     
         889   18.669953384142836        54.257434170443858     
         890   18.641246782506791        54.176740829041975     
         891   18.520742567687876        54.297597669882919     
         892   18.306551187171198        54.090688138839752     
         893   17.904460190564262        53.673936216450763     
         894   18.537153957928840        54.426688787026293     
         895   18.126567707588954        54.080328925401830     
         896   18.054952399882961        54.528429271831087     
         897   18.430842795958078        54.418305745343105     
         898   18.208052749948916        54.504821337468407     
         899   18.650993280120627        54.203415137681262     
         900   18.605517756313375        54.728983334834858     
         901   18.060405397207571        54.380649914176580     
         902   18.375522795716108        55.029801713569469     
         903   18.205856913849424        54.982621969283400     
         904   18.108153165171188        54.643571975905388     
         905   18.475058359758989        54.305029113143931     
         906   18.340111658715113        54.760589470064851     
         907   18.378723386804367        55.013382032245310     
         908   18.572169874577227        55.391204191814985     
         909   19.159820671076599        54.709513639880186     
         910   19.006002284320353        54.790503337530993     
         911   18.955528128736471        55.001999419107754     
         912   18.553568792648644        55.380403625932068     
         913   18.741164608626228        54.814570093968591     
         914   18.745179866574560        55.513038725629059     
         915   18.356965007797843        55.654663991630443     
         916   18.597470809195332        55.511563505429244     
         917   18.437053697639392        55.698749477738289     
         918   18.674842179050643        55.391577188073995     
         919   18.975300252108731        55.665131408208936     
         920   18.885734244149326        55.588980385797804     
         921   19.093909476370008        55.976037782129588     
         922   18.984676399454472        56.094316642556223     
         923   19.302498036003691        55.558270916459968     
         924   19.143923694029841        55.742066966755758     
         925   19.373017211036334        55.946807705720566     
         926   19.163642143585051        55.759566462597554     
         927   18.868401318258318        55.855105676350057     
         928   18.740013323320934        56.122382336112473     
         929   18.903582541942782        56.048456500845006     
         930   19.302904935313094        56.158321252570865     
         931   19.341665884482872        56.176766791785404     
         932   18.698687008803564        55.973521517847509     
         933   19.591711963770095        56.094747062482092     
         934   19.533448996171881        56.105386893130373     
         935   18.982128330079210        56.726728156685049     
         936   19.267846168792801        56.580599442306017     
         937   18.819982765297755        56.307312910259519     
         938   19.580785528409624        57.088212741613908     
         939   18.907138809454246        56.443372898003368     
         940   18.811855059719321        56.489730021019987     
         941   18.862042996026908        57.076179113449996     
         942   19.006756559393803        57.336947586494297     
         943   19.058763195635880        57.448395329129177     
         944   19.319138783248800        57.326585556981584     
         945   19.588935553672339        57.494427419024788     
         946   19.328798382357906        57.571670343056880     
         947   19.146330817639342        57.636471618551241     
         948   19.541984659607618        56.924980157696552     
         949   19.775806157297922        56.996466296347251     
         950   19.329454288178606        57.251763429433815     
         951   19.574693755872381        57.256869311863760     
         952   19.484320681095504        57.676267941485321     
         953   19.970055977127728        57.746163698154668     
         954   19.352725035436585        57.999070054214371     
         955   19.270636607573650        57.902955071250737     
         956   19.844285743064297        58.142697714120501     
         957   19.732708136401307        58.032327392724909     
         958   19.821072015554229        57.795831242399792     
         959   19.894264958115276        58.174460304802146     
         960   19.898393546130592        58.490296601440825     
         961   19.456835198709303        58.067595275627390     
         962   19.599751307163505        58.200557839287157     
         963   20.124147156163737        58.568843036796530     
         964   19.290920238846983        57.968029048910566     
         965   19.511994721183161        58.248814673119909     
         966   20.202089834364291        58.051534024012170     
         967   19.611881810159556        58.852341001641193     
         968   20.247296808692965        58.134744651326031     
         969   20.329447315015440        59.082460842005958     
         970   19.754441372788460        59.137117359618898     
         971   19.918503425122292        58.923162643590913     
         972   20.149667532932945        58.629337845073188     
         973   20.391311092961644        58.682807844928575     
         974   19.629006868549752        59.240843311208209     
         975   19.577361220674518        59.320781704095992     
         976   20.221980073740255        59.325905514146712     
         977   19.913433285342705        59.269646745613159     
         978   20.464840552390953        59.654643914888268     
         979   20.348956816482580        59.195820883785402     
         980   19.945746288317689        59.058807084409715     
         981   20.547052974623650        58.893702361227319     
         982   20.068833431005395        59.250460133065829     
         983   20.527826685193759        59.759054624820543     
         984   19.997221585731285        59.730387908028668     
         985   20.094351821010097        59.613832914292431     
         986   20.653902451683962        59.988516322108147     
         987   20.397572189576852        60.032322870648990     
         988   20.396724442720000        60.083976769016900     
         989   20.528280512201800        59.516783751418473     
         990   20.069086189709260        59.857835713464382     
         991   20.739118634986603        60.207240641480858     
         992   20.043125156420931        60.469147102496350     
         993   20.541565545262831        60.257275745236370     
         994   20.705762115574590        59.652930221222462     
         995   20.188556065665690        60.071315814223787     
         996   20.512647365816829        59.877017609603016     
         997   20.384580028914222        60.741891426279160     
         998   20.449917221750297        59.936857163426389     
         999   20.321029152973608        59.963178231036494     
        1000   20.607512431577653        60.922833437825467     
